  -1.8820000e+01  -1.2000000e+01   3.6000000e+01  -1.1230000e+01  -9.3700000e+00  -7.8000000e+00  -6.3000000e+00  -4.6800000e+00  -2.0800000e+00
   9.0000000e-01
   1.6373822e+00
   8.7388951e-01
   8.7471164e-01
   3.7144372e+00
   2.0859048e+01
   4.6692866e-03
   2.3882782e-04
   2.4096562e-04
   2.3987732e-02
   1.6675344e+00
   1.6420515e+00
   8.7412834e-01
   8.7495261e-01
   3.7384249e+00
   2.2526582e+01
   3.2000553e+02
   3.2000704e+02
   3.2000703e+02
   3.2000425e+02
   0.0000000e+00
